"","OM","EM","Species","Performance.metric","Value"
"1","SS_OM","SS_fixM_Fspr_EM","Pollock","Average Catch","110,982"
"2","SS_OM","SS_fixM_Fspr_EM","Pollock","Catch IAV","  9,390"
"3","SS_OM","SS_fixM_Fspr_EM","Pollock","P(Closed)","0"
"4","SS_OM","SS_fixM_Fspr_EM","Pollock","Avg terminal SSB Relative MSE","0.01"
"5","SS_OM","SS_fixM_Fspr_EM","Pollock","EM: P(Fy > Flimit)","0"
"6","SS_OM","SS_fixM_Fspr_EM","Pollock","EM: P(SSB < SSBlimit)","0"
"7","SS_OM","SS_fixM_Fspr_EM","Pollock","OM: P(Fy > Flimit)","0"
"8","SS_OM","SS_fixM_Fspr_EM","Pollock","OM: P(SSB < SSBlimit)","0.01"
"9","SS_OM","SS_fixM_Fspr_EM","Pollock","EM: P(Fy > Flimit) but OM: P(Fy < Flimit)","0"
"10","SS_OM","SS_fixM_Fspr_EM","Pollock","EM: P(Fy < Flimit) but OM: P(Fy > Flimit)","0"
"11","SS_OM","SS_fixM_Fspr_EM","Pollock","EM: P(SSB < SSBlimit) but OM: P(SSB > SSBlimit)","0"
"12","SS_OM","SS_fixM_Fspr_EM","Pollock","EM: P(SSB > SSBlimit) but OM: P(SSB < SSBlimit)","0.01"
"13","SS_OM","SS_fixM_Fspr_EM","Pollock","OM: Terminal SSB Depletion","0.55"
"27","SS_OM","SS_fixM_Fspr_EM","Cod","Average Catch"," 23,003"
"28","SS_OM","SS_fixM_Fspr_EM","Cod","Catch IAV","  4,203"
"29","SS_OM","SS_fixM_Fspr_EM","Cod","P(Closed)","0"
"30","SS_OM","SS_fixM_Fspr_EM","Cod","Avg terminal SSB Relative MSE","0"
"31","SS_OM","SS_fixM_Fspr_EM","Cod","EM: P(Fy > Flimit)","0"
"32","SS_OM","SS_fixM_Fspr_EM","Cod","EM: P(SSB < SSBlimit)","0.05"
"33","SS_OM","SS_fixM_Fspr_EM","Cod","OM: P(Fy > Flimit)","0"
"34","SS_OM","SS_fixM_Fspr_EM","Cod","OM: P(SSB < SSBlimit)","0.06"
"35","SS_OM","SS_fixM_Fspr_EM","Cod","EM: P(Fy > Flimit) but OM: P(Fy < Flimit)","0"
"36","SS_OM","SS_fixM_Fspr_EM","Cod","EM: P(Fy < Flimit) but OM: P(Fy > Flimit)","0"
"37","SS_OM","SS_fixM_Fspr_EM","Cod","EM: P(SSB < SSBlimit) but OM: P(SSB > SSBlimit)","0"
"38","SS_OM","SS_fixM_Fspr_EM","Cod","EM: P(SSB > SSBlimit) but OM: P(SSB < SSBlimit)","0.01"
"39","SS_OM","SS_fixM_Fspr_EM","Cod","OM: Terminal SSB Depletion","0.46"
"40","SS_OM","SS_estM_Fspr_EM","Pollock","Average Catch","159,421"
"41","SS_OM","SS_estM_Fspr_EM","Pollock","Catch IAV"," 18,241"
"42","SS_OM","SS_estM_Fspr_EM","Pollock","P(Closed)","0"
"43","SS_OM","SS_estM_Fspr_EM","Pollock","Avg terminal SSB Relative MSE","0.11"
"44","SS_OM","SS_estM_Fspr_EM","Pollock","EM: P(Fy > Flimit)","0"
"45","SS_OM","SS_estM_Fspr_EM","Pollock","EM: P(SSB < SSBlimit)","0.01"
"46","SS_OM","SS_estM_Fspr_EM","Pollock","OM: P(Fy > Flimit)","0.67"
"47","SS_OM","SS_estM_Fspr_EM","Pollock","OM: P(SSB < SSBlimit)","0.11"
"48","SS_OM","SS_estM_Fspr_EM","Pollock","EM: P(Fy > Flimit) but OM: P(Fy < Flimit)","0"
"49","SS_OM","SS_estM_Fspr_EM","Pollock","EM: P(Fy < Flimit) but OM: P(Fy > Flimit)","0.67"
"50","SS_OM","SS_estM_Fspr_EM","Pollock","EM: P(SSB < SSBlimit) but OM: P(SSB > SSBlimit)","0"
"51","SS_OM","SS_estM_Fspr_EM","Pollock","EM: P(SSB > SSBlimit) but OM: P(SSB < SSBlimit)","0.1"
"52","SS_OM","SS_estM_Fspr_EM","Pollock","OM: Terminal SSB Depletion","0.39"
"66","SS_OM","SS_estM_Fspr_EM","Cod","Average Catch"," 17,795"
"67","SS_OM","SS_estM_Fspr_EM","Cod","Catch IAV","  2,501"
"68","SS_OM","SS_estM_Fspr_EM","Cod","P(Closed)","0"
"69","SS_OM","SS_estM_Fspr_EM","Cod","Avg terminal SSB Relative MSE","0.03"
"70","SS_OM","SS_estM_Fspr_EM","Cod","EM: P(Fy > Flimit)","0"
"71","SS_OM","SS_estM_Fspr_EM","Cod","EM: P(SSB < SSBlimit)","0.05"
"72","SS_OM","SS_estM_Fspr_EM","Cod","OM: P(Fy > Flimit)","0"
"73","SS_OM","SS_estM_Fspr_EM","Cod","OM: P(SSB < SSBlimit)","0.05"
"74","SS_OM","SS_estM_Fspr_EM","Cod","EM: P(Fy > Flimit) but OM: P(Fy < Flimit)","0"
"75","SS_OM","SS_estM_Fspr_EM","Cod","EM: P(Fy < Flimit) but OM: P(Fy > Flimit)","0"
"76","SS_OM","SS_estM_Fspr_EM","Cod","EM: P(SSB < SSBlimit) but OM: P(SSB > SSBlimit)","0"
"77","SS_OM","SS_estM_Fspr_EM","Cod","EM: P(SSB > SSBlimit) but OM: P(SSB < SSBlimit)","0"
"78","SS_OM","SS_estM_Fspr_EM","Cod","OM: Terminal SSB Depletion","0.55"
"79","SS_Ricker_OM","SS_fixM_Fspr_EM","Pollock","Average Catch","236,327"
"80","SS_Ricker_OM","SS_fixM_Fspr_EM","Pollock","Catch IAV"," 22,638"
"81","SS_Ricker_OM","SS_fixM_Fspr_EM","Pollock","P(Closed)","0"
"82","SS_Ricker_OM","SS_fixM_Fspr_EM","Pollock","Avg terminal SSB Relative MSE","0.01"
"83","SS_Ricker_OM","SS_fixM_Fspr_EM","Pollock","EM: P(Fy > Flimit)","0"
"84","SS_Ricker_OM","SS_fixM_Fspr_EM","Pollock","EM: P(SSB < SSBlimit)","0"
"85","SS_Ricker_OM","SS_fixM_Fspr_EM","Pollock","OM: P(Fy > Flimit)","0"
"86","SS_Ricker_OM","SS_fixM_Fspr_EM","Pollock","OM: P(SSB < SSBlimit)","0"
"87","SS_Ricker_OM","SS_fixM_Fspr_EM","Pollock","EM: P(Fy > Flimit) but OM: P(Fy < Flimit)","0"
"88","SS_Ricker_OM","SS_fixM_Fspr_EM","Pollock","EM: P(Fy < Flimit) but OM: P(Fy > Flimit)","0"
"89","SS_Ricker_OM","SS_fixM_Fspr_EM","Pollock","EM: P(SSB < SSBlimit) but OM: P(SSB > SSBlimit)","0"
"90","SS_Ricker_OM","SS_fixM_Fspr_EM","Pollock","EM: P(SSB > SSBlimit) but OM: P(SSB < SSBlimit)","0"
"91","SS_Ricker_OM","SS_fixM_Fspr_EM","Pollock","OM: Terminal SSB Depletion","2.46"
"105","SS_Ricker_OM","SS_fixM_Fspr_EM","Cod","Average Catch"," 47,026"
"106","SS_Ricker_OM","SS_fixM_Fspr_EM","Cod","Catch IAV","  9,265"
"107","SS_Ricker_OM","SS_fixM_Fspr_EM","Cod","P(Closed)","0"
"108","SS_Ricker_OM","SS_fixM_Fspr_EM","Cod","Avg terminal SSB Relative MSE","0"
"109","SS_Ricker_OM","SS_fixM_Fspr_EM","Cod","EM: P(Fy > Flimit)","0"
"110","SS_Ricker_OM","SS_fixM_Fspr_EM","Cod","EM: P(SSB < SSBlimit)","0.04"
"111","SS_Ricker_OM","SS_fixM_Fspr_EM","Cod","OM: P(Fy > Flimit)","0"
"112","SS_Ricker_OM","SS_fixM_Fspr_EM","Cod","OM: P(SSB < SSBlimit)","0"
"113","SS_Ricker_OM","SS_fixM_Fspr_EM","Cod","EM: P(Fy > Flimit) but OM: P(Fy < Flimit)","0"
"114","SS_Ricker_OM","SS_fixM_Fspr_EM","Cod","EM: P(Fy < Flimit) but OM: P(Fy > Flimit)","0"
"115","SS_Ricker_OM","SS_fixM_Fspr_EM","Cod","EM: P(SSB < SSBlimit) but OM: P(SSB > SSBlimit)","0.04"
"116","SS_Ricker_OM","SS_fixM_Fspr_EM","Cod","EM: P(SSB > SSBlimit) but OM: P(SSB < SSBlimit)","0"
"117","SS_Ricker_OM","SS_fixM_Fspr_EM","Cod","OM: Terminal SSB Depletion","0.94"
"118","SS_Ricker_OM","SS_estM_Fspr_EM","Pollock","Average Catch","321,076"
"119","SS_Ricker_OM","SS_estM_Fspr_EM","Pollock","Catch IAV"," 40,957"
"120","SS_Ricker_OM","SS_estM_Fspr_EM","Pollock","P(Closed)","0"
"121","SS_Ricker_OM","SS_estM_Fspr_EM","Pollock","Avg terminal SSB Relative MSE","0.15"
"122","SS_Ricker_OM","SS_estM_Fspr_EM","Pollock","EM: P(Fy > Flimit)","0"
"123","SS_Ricker_OM","SS_estM_Fspr_EM","Pollock","EM: P(SSB < SSBlimit)","0"
"124","SS_Ricker_OM","SS_estM_Fspr_EM","Pollock","OM: P(Fy > Flimit)","0.72"
"125","SS_Ricker_OM","SS_estM_Fspr_EM","Pollock","OM: P(SSB < SSBlimit)","0"
"126","SS_Ricker_OM","SS_estM_Fspr_EM","Pollock","EM: P(Fy > Flimit) but OM: P(Fy < Flimit)","0"
"127","SS_Ricker_OM","SS_estM_Fspr_EM","Pollock","EM: P(Fy < Flimit) but OM: P(Fy > Flimit)","0.72"
"128","SS_Ricker_OM","SS_estM_Fspr_EM","Pollock","EM: P(SSB < SSBlimit) but OM: P(SSB > SSBlimit)","0"
"129","SS_Ricker_OM","SS_estM_Fspr_EM","Pollock","EM: P(SSB > SSBlimit) but OM: P(SSB < SSBlimit)","0"
"130","SS_Ricker_OM","SS_estM_Fspr_EM","Pollock","OM: Terminal SSB Depletion","1.57"
"144","SS_Ricker_OM","SS_estM_Fspr_EM","Cod","Average Catch"," 37,197"
"145","SS_Ricker_OM","SS_estM_Fspr_EM","Cod","Catch IAV","  6,244"
"146","SS_Ricker_OM","SS_estM_Fspr_EM","Cod","P(Closed)","0"
"147","SS_Ricker_OM","SS_estM_Fspr_EM","Cod","Avg terminal SSB Relative MSE","0.02"
"148","SS_Ricker_OM","SS_estM_Fspr_EM","Cod","EM: P(Fy > Flimit)","0"
"149","SS_Ricker_OM","SS_estM_Fspr_EM","Cod","EM: P(SSB < SSBlimit)","0.04"
"150","SS_Ricker_OM","SS_estM_Fspr_EM","Cod","OM: P(Fy > Flimit)","0"
"151","SS_Ricker_OM","SS_estM_Fspr_EM","Cod","OM: P(SSB < SSBlimit)","0"
"152","SS_Ricker_OM","SS_estM_Fspr_EM","Cod","EM: P(Fy > Flimit) but OM: P(Fy < Flimit)","0"
"153","SS_Ricker_OM","SS_estM_Fspr_EM","Cod","EM: P(Fy < Flimit) but OM: P(Fy > Flimit)","0"
"154","SS_Ricker_OM","SS_estM_Fspr_EM","Cod","EM: P(SSB < SSBlimit) but OM: P(SSB > SSBlimit)","0.04"
"155","SS_Ricker_OM","SS_estM_Fspr_EM","Cod","EM: P(SSB > SSBlimit) but OM: P(SSB < SSBlimit)","0"
"156","SS_Ricker_OM","SS_estM_Fspr_EM","Cod","OM: Terminal SSB Depletion","1.07"
"157","SSM_OM","SS_fixM_Fspr_EM","Pollock","Average Catch","107,716"
"158","SSM_OM","SS_fixM_Fspr_EM","Pollock","Catch IAV","  8,071"
"159","SSM_OM","SS_fixM_Fspr_EM","Pollock","P(Closed)","0"
"160","SSM_OM","SS_fixM_Fspr_EM","Pollock","Avg terminal SSB Relative MSE","0.19"
"161","SSM_OM","SS_fixM_Fspr_EM","Pollock","EM: P(Fy > Flimit)","0"
"162","SSM_OM","SS_fixM_Fspr_EM","Pollock","EM: P(SSB < SSBlimit)","0"
"163","SSM_OM","SS_fixM_Fspr_EM","Pollock","OM: P(Fy > Flimit)","0.03"
"164","SSM_OM","SS_fixM_Fspr_EM","Pollock","OM: P(SSB < SSBlimit)","0.02"
"165","SSM_OM","SS_fixM_Fspr_EM","Pollock","EM: P(Fy > Flimit) but OM: P(Fy < Flimit)","0"
"166","SSM_OM","SS_fixM_Fspr_EM","Pollock","EM: P(Fy < Flimit) but OM: P(Fy > Flimit)","0.03"
"167","SSM_OM","SS_fixM_Fspr_EM","Pollock","EM: P(SSB < SSBlimit) but OM: P(SSB > SSBlimit)","0"
"168","SSM_OM","SS_fixM_Fspr_EM","Pollock","EM: P(SSB > SSBlimit) but OM: P(SSB < SSBlimit)","0.02"
"169","SSM_OM","SS_fixM_Fspr_EM","Pollock","OM: Terminal SSB Depletion","0.45"
"183","SSM_OM","SS_fixM_Fspr_EM","Cod","Average Catch"," 18,593"
"184","SSM_OM","SS_fixM_Fspr_EM","Cod","Catch IAV","  3,011"
"185","SSM_OM","SS_fixM_Fspr_EM","Cod","P(Closed)","0"
"186","SSM_OM","SS_fixM_Fspr_EM","Cod","Avg terminal SSB Relative MSE","0.15"
"187","SSM_OM","SS_fixM_Fspr_EM","Cod","EM: P(Fy > Flimit)","0.01"
"188","SSM_OM","SS_fixM_Fspr_EM","Cod","EM: P(SSB < SSBlimit)","0.07"
"189","SSM_OM","SS_fixM_Fspr_EM","Cod","OM: P(Fy > Flimit)","1"
"190","SSM_OM","SS_fixM_Fspr_EM","Cod","OM: P(SSB < SSBlimit)","0.25"
"191","SSM_OM","SS_fixM_Fspr_EM","Cod","EM: P(Fy > Flimit) but OM: P(Fy < Flimit)","0"
"192","SSM_OM","SS_fixM_Fspr_EM","Cod","EM: P(Fy < Flimit) but OM: P(Fy > Flimit)","0.99"
"193","SSM_OM","SS_fixM_Fspr_EM","Cod","EM: P(SSB < SSBlimit) but OM: P(SSB > SSBlimit)","0"
"194","SSM_OM","SS_fixM_Fspr_EM","Cod","EM: P(SSB > SSBlimit) but OM: P(SSB < SSBlimit)","0.18"
"195","SSM_OM","SS_fixM_Fspr_EM","Cod","OM: Terminal SSB Depletion","0.25"
"196","SSM_OM","SS_estM_Fspr_EM","Pollock","Average Catch"," 91,170"
"197","SSM_OM","SS_estM_Fspr_EM","Pollock","Catch IAV","  5,637"
"198","SSM_OM","SS_estM_Fspr_EM","Pollock","P(Closed)","0"
"199","SSM_OM","SS_estM_Fspr_EM","Pollock","Avg terminal SSB Relative MSE","0.02"
"200","SSM_OM","SS_estM_Fspr_EM","Pollock","EM: P(Fy > Flimit)","0"
"201","SSM_OM","SS_estM_Fspr_EM","Pollock","EM: P(SSB < SSBlimit)","0"
"202","SSM_OM","SS_estM_Fspr_EM","Pollock","OM: P(Fy > Flimit)","0"
"203","SSM_OM","SS_estM_Fspr_EM","Pollock","OM: P(SSB < SSBlimit)","0.01"
"204","SSM_OM","SS_estM_Fspr_EM","Pollock","EM: P(Fy > Flimit) but OM: P(Fy < Flimit)","0"
"205","SSM_OM","SS_estM_Fspr_EM","Pollock","EM: P(Fy < Flimit) but OM: P(Fy > Flimit)","0"
"206","SSM_OM","SS_estM_Fspr_EM","Pollock","EM: P(SSB < SSBlimit) but OM: P(SSB > SSBlimit)","0"
"207","SSM_OM","SS_estM_Fspr_EM","Pollock","EM: P(SSB > SSBlimit) but OM: P(SSB < SSBlimit)","0.01"
"208","SSM_OM","SS_estM_Fspr_EM","Pollock","OM: Terminal SSB Depletion","0.52"
"222","SSM_OM","SS_estM_Fspr_EM","Cod","Average Catch"," 10,800"
"223","SSM_OM","SS_estM_Fspr_EM","Cod","Catch IAV","    789"
"224","SSM_OM","SS_estM_Fspr_EM","Cod","P(Closed)","0"
"225","SSM_OM","SS_estM_Fspr_EM","Cod","Avg terminal SSB Relative MSE","0.02"
"226","SSM_OM","SS_estM_Fspr_EM","Cod","EM: P(Fy > Flimit)","0"
"227","SSM_OM","SS_estM_Fspr_EM","Cod","EM: P(SSB < SSBlimit)","0.09"
"228","SSM_OM","SS_estM_Fspr_EM","Cod","OM: P(Fy > Flimit)","0"
"229","SSM_OM","SS_estM_Fspr_EM","Cod","OM: P(SSB < SSBlimit)","0.09"
"230","SSM_OM","SS_estM_Fspr_EM","Cod","EM: P(Fy > Flimit) but OM: P(Fy < Flimit)","0"
"231","SSM_OM","SS_estM_Fspr_EM","Cod","EM: P(Fy < Flimit) but OM: P(Fy > Flimit)","0"
"232","SSM_OM","SS_estM_Fspr_EM","Cod","EM: P(SSB < SSBlimit) but OM: P(SSB > SSBlimit)","0.01"
"233","SSM_OM","SS_estM_Fspr_EM","Cod","EM: P(SSB > SSBlimit) but OM: P(SSB < SSBlimit)","0"
"234","SSM_OM","SS_estM_Fspr_EM","Cod","OM: Terminal SSB Depletion","0.52"
"235","SSM_Ricker_OM","SS_fixM_Fspr_EM","Pollock","Average Catch","241,530"
"236","SSM_Ricker_OM","SS_fixM_Fspr_EM","Pollock","Catch IAV"," 20,954"
"237","SSM_Ricker_OM","SS_fixM_Fspr_EM","Pollock","P(Closed)","0"
"238","SSM_Ricker_OM","SS_fixM_Fspr_EM","Pollock","Avg terminal SSB Relative MSE","0.17"
"239","SSM_Ricker_OM","SS_fixM_Fspr_EM","Pollock","EM: P(Fy > Flimit)","0"
"240","SSM_Ricker_OM","SS_fixM_Fspr_EM","Pollock","EM: P(SSB < SSBlimit)","0"
"241","SSM_Ricker_OM","SS_fixM_Fspr_EM","Pollock","OM: P(Fy > Flimit)","0.01"
"242","SSM_Ricker_OM","SS_fixM_Fspr_EM","Pollock","OM: P(SSB < SSBlimit)","0"
"243","SSM_Ricker_OM","SS_fixM_Fspr_EM","Pollock","EM: P(Fy > Flimit) but OM: P(Fy < Flimit)","0"
"244","SSM_Ricker_OM","SS_fixM_Fspr_EM","Pollock","EM: P(Fy < Flimit) but OM: P(Fy > Flimit)","0.01"
"245","SSM_Ricker_OM","SS_fixM_Fspr_EM","Pollock","EM: P(SSB < SSBlimit) but OM: P(SSB > SSBlimit)","0"
"246","SSM_Ricker_OM","SS_fixM_Fspr_EM","Pollock","EM: P(SSB > SSBlimit) but OM: P(SSB < SSBlimit)","0"
"247","SSM_Ricker_OM","SS_fixM_Fspr_EM","Pollock","OM: Terminal SSB Depletion","1.8"
"261","SSM_Ricker_OM","SS_fixM_Fspr_EM","Cod","Average Catch"," 38,708"
"262","SSM_Ricker_OM","SS_fixM_Fspr_EM","Cod","Catch IAV","  6,520"
"263","SSM_Ricker_OM","SS_fixM_Fspr_EM","Cod","P(Closed)","0"
"264","SSM_Ricker_OM","SS_fixM_Fspr_EM","Cod","Avg terminal SSB Relative MSE","0.17"
"265","SSM_Ricker_OM","SS_fixM_Fspr_EM","Cod","EM: P(Fy > Flimit)","0"
"266","SSM_Ricker_OM","SS_fixM_Fspr_EM","Cod","EM: P(SSB < SSBlimit)","0.05"
"267","SSM_Ricker_OM","SS_fixM_Fspr_EM","Cod","OM: P(Fy > Flimit)","1"
"268","SSM_Ricker_OM","SS_fixM_Fspr_EM","Cod","OM: P(SSB < SSBlimit)","0.1"
"269","SSM_Ricker_OM","SS_fixM_Fspr_EM","Cod","EM: P(Fy > Flimit) but OM: P(Fy < Flimit)","0"
"270","SSM_Ricker_OM","SS_fixM_Fspr_EM","Cod","EM: P(Fy < Flimit) but OM: P(Fy > Flimit)","1"
"271","SSM_Ricker_OM","SS_fixM_Fspr_EM","Cod","EM: P(SSB < SSBlimit) but OM: P(SSB > SSBlimit)","0"
"272","SSM_Ricker_OM","SS_fixM_Fspr_EM","Cod","EM: P(SSB > SSBlimit) but OM: P(SSB < SSBlimit)","0.05"
"273","SSM_Ricker_OM","SS_fixM_Fspr_EM","Cod","OM: Terminal SSB Depletion","0.65"
"274","SSM_Ricker_OM","SS_estM_Fspr_EM","Pollock","Average Catch","205,868"
"275","SSM_Ricker_OM","SS_estM_Fspr_EM","Pollock","Catch IAV"," 14,941"
"276","SSM_Ricker_OM","SS_estM_Fspr_EM","Pollock","P(Closed)","0"
"277","SSM_Ricker_OM","SS_estM_Fspr_EM","Pollock","Avg terminal SSB Relative MSE","0.02"
"278","SSM_Ricker_OM","SS_estM_Fspr_EM","Pollock","EM: P(Fy > Flimit)","0"
"279","SSM_Ricker_OM","SS_estM_Fspr_EM","Pollock","EM: P(SSB < SSBlimit)","0"
"280","SSM_Ricker_OM","SS_estM_Fspr_EM","Pollock","OM: P(Fy > Flimit)","0"
"281","SSM_Ricker_OM","SS_estM_Fspr_EM","Pollock","OM: P(SSB < SSBlimit)","0"
"282","SSM_Ricker_OM","SS_estM_Fspr_EM","Pollock","EM: P(Fy > Flimit) but OM: P(Fy < Flimit)","0"
"283","SSM_Ricker_OM","SS_estM_Fspr_EM","Pollock","EM: P(Fy < Flimit) but OM: P(Fy > Flimit)","0"
"284","SSM_Ricker_OM","SS_estM_Fspr_EM","Pollock","EM: P(SSB < SSBlimit) but OM: P(SSB > SSBlimit)","0"
"285","SSM_Ricker_OM","SS_estM_Fspr_EM","Pollock","EM: P(SSB > SSBlimit) but OM: P(SSB < SSBlimit)","0"
"286","SSM_Ricker_OM","SS_estM_Fspr_EM","Pollock","OM: Terminal SSB Depletion","2.04"
"300","SSM_Ricker_OM","SS_estM_Fspr_EM","Cod","Average Catch"," 17,186"
"301","SSM_Ricker_OM","SS_estM_Fspr_EM","Cod","Catch IAV","  1,737"
"302","SSM_Ricker_OM","SS_estM_Fspr_EM","Cod","P(Closed)","0"
"303","SSM_Ricker_OM","SS_estM_Fspr_EM","Cod","Avg terminal SSB Relative MSE","0.03"
"304","SSM_Ricker_OM","SS_estM_Fspr_EM","Cod","EM: P(Fy > Flimit)","0"
"305","SSM_Ricker_OM","SS_estM_Fspr_EM","Cod","EM: P(SSB < SSBlimit)","0.07"
"306","SSM_Ricker_OM","SS_estM_Fspr_EM","Cod","OM: P(Fy > Flimit)","0"
"307","SSM_Ricker_OM","SS_estM_Fspr_EM","Cod","OM: P(SSB < SSBlimit)","0.07"
"308","SSM_Ricker_OM","SS_estM_Fspr_EM","Cod","EM: P(Fy > Flimit) but OM: P(Fy < Flimit)","0"
"309","SSM_Ricker_OM","SS_estM_Fspr_EM","Cod","EM: P(Fy < Flimit) but OM: P(Fy > Flimit)","0"
"310","SSM_Ricker_OM","SS_estM_Fspr_EM","Cod","EM: P(SSB < SSBlimit) but OM: P(SSB > SSBlimit)","0"
"311","SSM_Ricker_OM","SS_estM_Fspr_EM","Cod","EM: P(SSB > SSBlimit) but OM: P(SSB < SSBlimit)","0"
"312","SSM_Ricker_OM","SS_estM_Fspr_EM","Cod","OM: Terminal SSB Depletion","1.08"
"313","MS_OM","SS_fixM_Fspr_EM","Pollock","Average Catch","160,112"
"314","MS_OM","SS_fixM_Fspr_EM","Pollock","Catch IAV"," 10,509"
"315","MS_OM","SS_fixM_Fspr_EM","Pollock","P(Closed)","0"
"316","MS_OM","SS_fixM_Fspr_EM","Pollock","Avg terminal SSB Relative MSE","0.05"
"317","MS_OM","SS_fixM_Fspr_EM","Pollock","EM: P(Fy > Flimit)","0"
"318","MS_OM","SS_fixM_Fspr_EM","Pollock","EM: P(SSB < SSBlimit)","0"
"319","MS_OM","SS_fixM_Fspr_EM","Pollock","OM: P(Fy > Flimit)","0"
"320","MS_OM","SS_fixM_Fspr_EM","Pollock","OM: P(SSB < SSBlimit)","0"
"321","MS_OM","SS_fixM_Fspr_EM","Pollock","EM: P(Fy > Flimit) but OM: P(Fy < Flimit)","0"
"322","MS_OM","SS_fixM_Fspr_EM","Pollock","EM: P(Fy < Flimit) but OM: P(Fy > Flimit)","0"
"323","MS_OM","SS_fixM_Fspr_EM","Pollock","EM: P(SSB < SSBlimit) but OM: P(SSB > SSBlimit)","0"
"324","MS_OM","SS_fixM_Fspr_EM","Pollock","EM: P(SSB > SSBlimit) but OM: P(SSB < SSBlimit)","0"
"325","MS_OM","SS_fixM_Fspr_EM","Pollock","OM: Terminal SSB Depletion","1.23"
"339","MS_OM","SS_fixM_Fspr_EM","Cod","Average Catch"," 23,876"
"340","MS_OM","SS_fixM_Fspr_EM","Cod","Catch IAV","  3,769"
"341","MS_OM","SS_fixM_Fspr_EM","Cod","P(Closed)","0"
"342","MS_OM","SS_fixM_Fspr_EM","Cod","Avg terminal SSB Relative MSE","0.01"
"343","MS_OM","SS_fixM_Fspr_EM","Cod","EM: P(Fy > Flimit)","0"
"344","MS_OM","SS_fixM_Fspr_EM","Cod","EM: P(SSB < SSBlimit)","0.05"
"345","MS_OM","SS_fixM_Fspr_EM","Cod","OM: P(Fy > Flimit)","0"
"346","MS_OM","SS_fixM_Fspr_EM","Cod","OM: P(SSB < SSBlimit)","0.11"
"347","MS_OM","SS_fixM_Fspr_EM","Cod","EM: P(Fy > Flimit) but OM: P(Fy < Flimit)","0"
"348","MS_OM","SS_fixM_Fspr_EM","Cod","EM: P(Fy < Flimit) but OM: P(Fy > Flimit)","0"
"349","MS_OM","SS_fixM_Fspr_EM","Cod","EM: P(SSB < SSBlimit) but OM: P(SSB > SSBlimit)","0"
"350","MS_OM","SS_fixM_Fspr_EM","Cod","EM: P(SSB > SSBlimit) but OM: P(SSB < SSBlimit)","0.06"
"351","MS_OM","SS_fixM_Fspr_EM","Cod","OM: Terminal SSB Depletion","0.45"
"352","MS_OM","SS_estM_Fspr_EM","Pollock","Average Catch","369,144"
"353","MS_OM","SS_estM_Fspr_EM","Pollock","Catch IAV"," 42,822"
"354","MS_OM","SS_estM_Fspr_EM","Pollock","P(Closed)","0"
"355","MS_OM","SS_estM_Fspr_EM","Pollock","Avg terminal SSB Relative MSE","0.16"
"356","MS_OM","SS_estM_Fspr_EM","Pollock","EM: P(Fy > Flimit)","0"
"357","MS_OM","SS_estM_Fspr_EM","Pollock","EM: P(SSB < SSBlimit)","0"
"358","MS_OM","SS_estM_Fspr_EM","Pollock","OM: P(Fy > Flimit)","0"
"359","MS_OM","SS_estM_Fspr_EM","Pollock","OM: P(SSB < SSBlimit)","0.02"
"360","MS_OM","SS_estM_Fspr_EM","Pollock","EM: P(Fy > Flimit) but OM: P(Fy < Flimit)","0"
"361","MS_OM","SS_estM_Fspr_EM","Pollock","EM: P(Fy < Flimit) but OM: P(Fy > Flimit)","0"
"362","MS_OM","SS_estM_Fspr_EM","Pollock","EM: P(SSB < SSBlimit) but OM: P(SSB > SSBlimit)","0"
"363","MS_OM","SS_estM_Fspr_EM","Pollock","EM: P(SSB > SSBlimit) but OM: P(SSB < SSBlimit)","0.02"
"364","MS_OM","SS_estM_Fspr_EM","Pollock","OM: Terminal SSB Depletion","0.72"
"378","MS_OM","SS_estM_Fspr_EM","Cod","Average Catch"," 16,748"
"379","MS_OM","SS_estM_Fspr_EM","Cod","Catch IAV","  1,850"
"380","MS_OM","SS_estM_Fspr_EM","Cod","P(Closed)","0"
"381","MS_OM","SS_estM_Fspr_EM","Cod","Avg terminal SSB Relative MSE","0.03"
"382","MS_OM","SS_estM_Fspr_EM","Cod","EM: P(Fy > Flimit)","0"
"383","MS_OM","SS_estM_Fspr_EM","Cod","EM: P(SSB < SSBlimit)","0.05"
"384","MS_OM","SS_estM_Fspr_EM","Cod","OM: P(Fy > Flimit)","0"
"385","MS_OM","SS_estM_Fspr_EM","Cod","OM: P(SSB < SSBlimit)","0.08"
"386","MS_OM","SS_estM_Fspr_EM","Cod","EM: P(Fy > Flimit) but OM: P(Fy < Flimit)","0"
"387","MS_OM","SS_estM_Fspr_EM","Cod","EM: P(Fy < Flimit) but OM: P(Fy > Flimit)","0"
"388","MS_OM","SS_estM_Fspr_EM","Cod","EM: P(SSB < SSBlimit) but OM: P(SSB > SSBlimit)","0"
"389","MS_OM","SS_estM_Fspr_EM","Cod","EM: P(SSB > SSBlimit) but OM: P(SSB < SSBlimit)","0.03"
"390","MS_OM","SS_estM_Fspr_EM","Cod","OM: Terminal SSB Depletion","0.6"
"391","MS_Ricker_OM","SS_fixM_Fspr_EM","Pollock","Average Catch","284,102"
"392","MS_Ricker_OM","SS_fixM_Fspr_EM","Pollock","Catch IAV"," 29,308"
"393","MS_Ricker_OM","SS_fixM_Fspr_EM","Pollock","P(Closed)","0"
"394","MS_Ricker_OM","SS_fixM_Fspr_EM","Pollock","Avg terminal SSB Relative MSE","0.03"
"395","MS_Ricker_OM","SS_fixM_Fspr_EM","Pollock","EM: P(Fy > Flimit)","0"
"396","MS_Ricker_OM","SS_fixM_Fspr_EM","Pollock","EM: P(SSB < SSBlimit)","0"
"397","MS_Ricker_OM","SS_fixM_Fspr_EM","Pollock","OM: P(Fy > Flimit)","0"
"398","MS_Ricker_OM","SS_fixM_Fspr_EM","Pollock","OM: P(SSB < SSBlimit)","0"
"399","MS_Ricker_OM","SS_fixM_Fspr_EM","Pollock","EM: P(Fy > Flimit) but OM: P(Fy < Flimit)","0"
"400","MS_Ricker_OM","SS_fixM_Fspr_EM","Pollock","EM: P(Fy < Flimit) but OM: P(Fy > Flimit)","0"
"401","MS_Ricker_OM","SS_fixM_Fspr_EM","Pollock","EM: P(SSB < SSBlimit) but OM: P(SSB > SSBlimit)","0"
"402","MS_Ricker_OM","SS_fixM_Fspr_EM","Pollock","EM: P(SSB > SSBlimit) but OM: P(SSB < SSBlimit)","0"
"403","MS_Ricker_OM","SS_fixM_Fspr_EM","Pollock","OM: Terminal SSB Depletion","6.22"
"417","MS_Ricker_OM","SS_fixM_Fspr_EM","Cod","Average Catch"," 48,552"
"418","MS_Ricker_OM","SS_fixM_Fspr_EM","Cod","Catch IAV","  8,081"
"419","MS_Ricker_OM","SS_fixM_Fspr_EM","Cod","P(Closed)","0"
"420","MS_Ricker_OM","SS_fixM_Fspr_EM","Cod","Avg terminal SSB Relative MSE","0.02"
"421","MS_Ricker_OM","SS_fixM_Fspr_EM","Cod","EM: P(Fy > Flimit)","0"
"422","MS_Ricker_OM","SS_fixM_Fspr_EM","Cod","EM: P(SSB < SSBlimit)","0.04"
"423","MS_Ricker_OM","SS_fixM_Fspr_EM","Cod","OM: P(Fy > Flimit)","0"
"424","MS_Ricker_OM","SS_fixM_Fspr_EM","Cod","OM: P(SSB < SSBlimit)","0.07"
"425","MS_Ricker_OM","SS_fixM_Fspr_EM","Cod","EM: P(Fy > Flimit) but OM: P(Fy < Flimit)","0"
"426","MS_Ricker_OM","SS_fixM_Fspr_EM","Cod","EM: P(Fy < Flimit) but OM: P(Fy > Flimit)","0"
"427","MS_Ricker_OM","SS_fixM_Fspr_EM","Cod","EM: P(SSB < SSBlimit) but OM: P(SSB > SSBlimit)","0"
"428","MS_Ricker_OM","SS_fixM_Fspr_EM","Cod","EM: P(SSB > SSBlimit) but OM: P(SSB < SSBlimit)","0.04"
"429","MS_Ricker_OM","SS_fixM_Fspr_EM","Cod","OM: Terminal SSB Depletion","0.9"
"430","MS_Ricker_OM","SS_estM_Fspr_EM","Pollock","Average Catch","670,816"
"431","MS_Ricker_OM","SS_estM_Fspr_EM","Pollock","Catch IAV","109,409"
"432","MS_Ricker_OM","SS_estM_Fspr_EM","Pollock","P(Closed)","0"
"433","MS_Ricker_OM","SS_estM_Fspr_EM","Pollock","Avg terminal SSB Relative MSE","0.17"
"434","MS_Ricker_OM","SS_estM_Fspr_EM","Pollock","EM: P(Fy > Flimit)","0"
"435","MS_Ricker_OM","SS_estM_Fspr_EM","Pollock","EM: P(SSB < SSBlimit)","0.01"
"436","MS_Ricker_OM","SS_estM_Fspr_EM","Pollock","OM: P(Fy > Flimit)","0"
"437","MS_Ricker_OM","SS_estM_Fspr_EM","Pollock","OM: P(SSB < SSBlimit)","0"
"438","MS_Ricker_OM","SS_estM_Fspr_EM","Pollock","EM: P(Fy > Flimit) but OM: P(Fy < Flimit)","0"
"439","MS_Ricker_OM","SS_estM_Fspr_EM","Pollock","EM: P(Fy < Flimit) but OM: P(Fy > Flimit)","0"
"440","MS_Ricker_OM","SS_estM_Fspr_EM","Pollock","EM: P(SSB < SSBlimit) but OM: P(SSB > SSBlimit)","0.01"
"441","MS_Ricker_OM","SS_estM_Fspr_EM","Pollock","EM: P(SSB > SSBlimit) but OM: P(SSB < SSBlimit)","0"
"442","MS_Ricker_OM","SS_estM_Fspr_EM","Pollock","OM: Terminal SSB Depletion","3.81"
"456","MS_Ricker_OM","SS_estM_Fspr_EM","Cod","Average Catch"," 32,902"
"457","MS_Ricker_OM","SS_estM_Fspr_EM","Cod","Catch IAV","  4,312"
"458","MS_Ricker_OM","SS_estM_Fspr_EM","Cod","P(Closed)","0"
"459","MS_Ricker_OM","SS_estM_Fspr_EM","Cod","Avg terminal SSB Relative MSE","0.03"
"460","MS_Ricker_OM","SS_estM_Fspr_EM","Cod","EM: P(Fy > Flimit)","0"
"461","MS_Ricker_OM","SS_estM_Fspr_EM","Cod","EM: P(SSB < SSBlimit)","0.04"
"462","MS_Ricker_OM","SS_estM_Fspr_EM","Cod","OM: P(Fy > Flimit)","0"
"463","MS_Ricker_OM","SS_estM_Fspr_EM","Cod","OM: P(SSB < SSBlimit)","0.07"
"464","MS_Ricker_OM","SS_estM_Fspr_EM","Cod","EM: P(Fy > Flimit) but OM: P(Fy < Flimit)","0"
"465","MS_Ricker_OM","SS_estM_Fspr_EM","Cod","EM: P(Fy < Flimit) but OM: P(Fy > Flimit)","0"
"466","MS_Ricker_OM","SS_estM_Fspr_EM","Cod","EM: P(SSB < SSBlimit) but OM: P(SSB > SSBlimit)","0"
"467","MS_Ricker_OM","SS_estM_Fspr_EM","Cod","EM: P(SSB > SSBlimit) but OM: P(SSB < SSBlimit)","0.03"
"468","MS_Ricker_OM","SS_estM_Fspr_EM","Cod","OM: Terminal SSB Depletion","1.17"
"14","SS_OM","SS_fixM_Fspr_EM","Arrowtooth flounder","Average Catch"," 65,849"
"15","SS_OM","SS_fixM_Fspr_EM","Arrowtooth flounder","Catch IAV","    137"
"16","SS_OM","SS_fixM_Fspr_EM","Arrowtooth flounder","P(Closed)","0"
"17","SS_OM","SS_fixM_Fspr_EM","Arrowtooth flounder","Avg terminal SSB Relative MSE","0"
"18","SS_OM","SS_fixM_Fspr_EM","Arrowtooth flounder","EM: P(Fy > Flimit)","0"
"19","SS_OM","SS_fixM_Fspr_EM","Arrowtooth flounder","EM: P(SSB < SSBlimit)","0"
"20","SS_OM","SS_fixM_Fspr_EM","Arrowtooth flounder","OM: P(Fy > Flimit)","0"
"21","SS_OM","SS_fixM_Fspr_EM","Arrowtooth flounder","OM: P(SSB < SSBlimit)","0"
"22","SS_OM","SS_fixM_Fspr_EM","Arrowtooth flounder","EM: P(Fy > Flimit) but OM: P(Fy < Flimit)","0"
"23","SS_OM","SS_fixM_Fspr_EM","Arrowtooth flounder","EM: P(Fy < Flimit) but OM: P(Fy > Flimit)","0"
"24","SS_OM","SS_fixM_Fspr_EM","Arrowtooth flounder","EM: P(SSB < SSBlimit) but OM: P(SSB > SSBlimit)","0"
"25","SS_OM","SS_fixM_Fspr_EM","Arrowtooth flounder","EM: P(SSB > SSBlimit) but OM: P(SSB < SSBlimit)","0"
"26","SS_OM","SS_fixM_Fspr_EM","Arrowtooth flounder","OM: Terminal SSB Depletion","0.55"
"53","SS_OM","SS_estM_Fspr_EM","Arrowtooth flounder","Average Catch"," 65,221"
"54","SS_OM","SS_estM_Fspr_EM","Arrowtooth flounder","Catch IAV","    136"
"55","SS_OM","SS_estM_Fspr_EM","Arrowtooth flounder","P(Closed)","0"
"56","SS_OM","SS_estM_Fspr_EM","Arrowtooth flounder","Avg terminal SSB Relative MSE","0"
"57","SS_OM","SS_estM_Fspr_EM","Arrowtooth flounder","EM: P(Fy > Flimit)","0"
"58","SS_OM","SS_estM_Fspr_EM","Arrowtooth flounder","EM: P(SSB < SSBlimit)","0"
"59","SS_OM","SS_estM_Fspr_EM","Arrowtooth flounder","OM: P(Fy > Flimit)","0"
"60","SS_OM","SS_estM_Fspr_EM","Arrowtooth flounder","OM: P(SSB < SSBlimit)","0"
"61","SS_OM","SS_estM_Fspr_EM","Arrowtooth flounder","EM: P(Fy > Flimit) but OM: P(Fy < Flimit)","0"
"62","SS_OM","SS_estM_Fspr_EM","Arrowtooth flounder","EM: P(Fy < Flimit) but OM: P(Fy > Flimit)","0"
"63","SS_OM","SS_estM_Fspr_EM","Arrowtooth flounder","EM: P(SSB < SSBlimit) but OM: P(SSB > SSBlimit)","0"
"64","SS_OM","SS_estM_Fspr_EM","Arrowtooth flounder","EM: P(SSB > SSBlimit) but OM: P(SSB < SSBlimit)","0"
"65","SS_OM","SS_estM_Fspr_EM","Arrowtooth flounder","OM: Terminal SSB Depletion","0.56"
"92","SS_Ricker_OM","SS_fixM_Fspr_EM","Arrowtooth flounder","Average Catch"," 92,391"
"93","SS_Ricker_OM","SS_fixM_Fspr_EM","Arrowtooth flounder","Catch IAV","    129"
"94","SS_Ricker_OM","SS_fixM_Fspr_EM","Arrowtooth flounder","P(Closed)","0"
"95","SS_Ricker_OM","SS_fixM_Fspr_EM","Arrowtooth flounder","Avg terminal SSB Relative MSE","0"
"96","SS_Ricker_OM","SS_fixM_Fspr_EM","Arrowtooth flounder","EM: P(Fy > Flimit)","0"
"97","SS_Ricker_OM","SS_fixM_Fspr_EM","Arrowtooth flounder","EM: P(SSB < SSBlimit)","0"
"98","SS_Ricker_OM","SS_fixM_Fspr_EM","Arrowtooth flounder","OM: P(Fy > Flimit)","0"
"99","SS_Ricker_OM","SS_fixM_Fspr_EM","Arrowtooth flounder","OM: P(SSB < SSBlimit)","0"
"100","SS_Ricker_OM","SS_fixM_Fspr_EM","Arrowtooth flounder","EM: P(Fy > Flimit) but OM: P(Fy < Flimit)","0"
"101","SS_Ricker_OM","SS_fixM_Fspr_EM","Arrowtooth flounder","EM: P(Fy < Flimit) but OM: P(Fy > Flimit)","0"
"102","SS_Ricker_OM","SS_fixM_Fspr_EM","Arrowtooth flounder","EM: P(SSB < SSBlimit) but OM: P(SSB > SSBlimit)","0"
"103","SS_Ricker_OM","SS_fixM_Fspr_EM","Arrowtooth flounder","EM: P(SSB > SSBlimit) but OM: P(SSB < SSBlimit)","0"
"104","SS_Ricker_OM","SS_fixM_Fspr_EM","Arrowtooth flounder","OM: Terminal SSB Depletion","0.82"
"131","SS_Ricker_OM","SS_estM_Fspr_EM","Arrowtooth flounder","Average Catch"," 91,500"
"132","SS_Ricker_OM","SS_estM_Fspr_EM","Arrowtooth flounder","Catch IAV","    128"
"133","SS_Ricker_OM","SS_estM_Fspr_EM","Arrowtooth flounder","P(Closed)","0"
"134","SS_Ricker_OM","SS_estM_Fspr_EM","Arrowtooth flounder","Avg terminal SSB Relative MSE","0"
"135","SS_Ricker_OM","SS_estM_Fspr_EM","Arrowtooth flounder","EM: P(Fy > Flimit)","0"
"136","SS_Ricker_OM","SS_estM_Fspr_EM","Arrowtooth flounder","EM: P(SSB < SSBlimit)","0"
"137","SS_Ricker_OM","SS_estM_Fspr_EM","Arrowtooth flounder","OM: P(Fy > Flimit)","0"
"138","SS_Ricker_OM","SS_estM_Fspr_EM","Arrowtooth flounder","OM: P(SSB < SSBlimit)","0"
"139","SS_Ricker_OM","SS_estM_Fspr_EM","Arrowtooth flounder","EM: P(Fy > Flimit) but OM: P(Fy < Flimit)","0"
"140","SS_Ricker_OM","SS_estM_Fspr_EM","Arrowtooth flounder","EM: P(Fy < Flimit) but OM: P(Fy > Flimit)","0"
"141","SS_Ricker_OM","SS_estM_Fspr_EM","Arrowtooth flounder","EM: P(SSB < SSBlimit) but OM: P(SSB > SSBlimit)","0"
"142","SS_Ricker_OM","SS_estM_Fspr_EM","Arrowtooth flounder","EM: P(SSB > SSBlimit) but OM: P(SSB < SSBlimit)","0"
"143","SS_Ricker_OM","SS_estM_Fspr_EM","Arrowtooth flounder","OM: Terminal SSB Depletion","0.83"
"170","SSM_OM","SS_fixM_Fspr_EM","Arrowtooth flounder","Average Catch"," 72,358"
"171","SSM_OM","SS_fixM_Fspr_EM","Arrowtooth flounder","Catch IAV","    138"
"172","SSM_OM","SS_fixM_Fspr_EM","Arrowtooth flounder","P(Closed)","0"
"173","SSM_OM","SS_fixM_Fspr_EM","Arrowtooth flounder","Avg terminal SSB Relative MSE","0.12"
"174","SSM_OM","SS_fixM_Fspr_EM","Arrowtooth flounder","EM: P(Fy > Flimit)","0"
"175","SSM_OM","SS_fixM_Fspr_EM","Arrowtooth flounder","EM: P(SSB < SSBlimit)","0"
"176","SSM_OM","SS_fixM_Fspr_EM","Arrowtooth flounder","OM: P(Fy > Flimit)","0"
"177","SSM_OM","SS_fixM_Fspr_EM","Arrowtooth flounder","OM: P(SSB < SSBlimit)","0"
"178","SSM_OM","SS_fixM_Fspr_EM","Arrowtooth flounder","EM: P(Fy > Flimit) but OM: P(Fy < Flimit)","0"
"179","SSM_OM","SS_fixM_Fspr_EM","Arrowtooth flounder","EM: P(Fy < Flimit) but OM: P(Fy > Flimit)","0"
"180","SSM_OM","SS_fixM_Fspr_EM","Arrowtooth flounder","EM: P(SSB < SSBlimit) but OM: P(SSB > SSBlimit)","0"
"181","SSM_OM","SS_fixM_Fspr_EM","Arrowtooth flounder","EM: P(SSB > SSBlimit) but OM: P(SSB < SSBlimit)","0"
"182","SSM_OM","SS_fixM_Fspr_EM","Arrowtooth flounder","OM: Terminal SSB Depletion","0.61"
"209","SSM_OM","SS_estM_Fspr_EM","Arrowtooth flounder","Average Catch"," 85,984"
"210","SSM_OM","SS_estM_Fspr_EM","Arrowtooth flounder","Catch IAV","    574"
"211","SSM_OM","SS_estM_Fspr_EM","Arrowtooth flounder","P(Closed)","0"
"212","SSM_OM","SS_estM_Fspr_EM","Arrowtooth flounder","Avg terminal SSB Relative MSE","0.01"
"213","SSM_OM","SS_estM_Fspr_EM","Arrowtooth flounder","EM: P(Fy > Flimit)","0"
"214","SSM_OM","SS_estM_Fspr_EM","Arrowtooth flounder","EM: P(SSB < SSBlimit)","0"
"215","SSM_OM","SS_estM_Fspr_EM","Arrowtooth flounder","OM: P(Fy > Flimit)","0"
"216","SSM_OM","SS_estM_Fspr_EM","Arrowtooth flounder","OM: P(SSB < SSBlimit)","0"
"217","SSM_OM","SS_estM_Fspr_EM","Arrowtooth flounder","EM: P(Fy > Flimit) but OM: P(Fy < Flimit)","0"
"218","SSM_OM","SS_estM_Fspr_EM","Arrowtooth flounder","EM: P(Fy < Flimit) but OM: P(Fy > Flimit)","0"
"219","SSM_OM","SS_estM_Fspr_EM","Arrowtooth flounder","EM: P(SSB < SSBlimit) but OM: P(SSB > SSBlimit)","0"
"220","SSM_OM","SS_estM_Fspr_EM","Arrowtooth flounder","EM: P(SSB > SSBlimit) but OM: P(SSB < SSBlimit)","0"
"221","SSM_OM","SS_estM_Fspr_EM","Arrowtooth flounder","OM: Terminal SSB Depletion","0.54"
"248","SSM_Ricker_OM","SS_fixM_Fspr_EM","Arrowtooth flounder","Average Catch"," 99,163"
"249","SSM_Ricker_OM","SS_fixM_Fspr_EM","Arrowtooth flounder","Catch IAV","    153"
"250","SSM_Ricker_OM","SS_fixM_Fspr_EM","Arrowtooth flounder","P(Closed)","0"
"251","SSM_Ricker_OM","SS_fixM_Fspr_EM","Arrowtooth flounder","Avg terminal SSB Relative MSE","0.12"
"252","SSM_Ricker_OM","SS_fixM_Fspr_EM","Arrowtooth flounder","EM: P(Fy > Flimit)","0"
"253","SSM_Ricker_OM","SS_fixM_Fspr_EM","Arrowtooth flounder","EM: P(SSB < SSBlimit)","0"
"254","SSM_Ricker_OM","SS_fixM_Fspr_EM","Arrowtooth flounder","OM: P(Fy > Flimit)","0"
"255","SSM_Ricker_OM","SS_fixM_Fspr_EM","Arrowtooth flounder","OM: P(SSB < SSBlimit)","0"
"256","SSM_Ricker_OM","SS_fixM_Fspr_EM","Arrowtooth flounder","EM: P(Fy > Flimit) but OM: P(Fy < Flimit)","0"
"257","SSM_Ricker_OM","SS_fixM_Fspr_EM","Arrowtooth flounder","EM: P(Fy < Flimit) but OM: P(Fy > Flimit)","0"
"258","SSM_Ricker_OM","SS_fixM_Fspr_EM","Arrowtooth flounder","EM: P(SSB < SSBlimit) but OM: P(SSB > SSBlimit)","0"
"259","SSM_Ricker_OM","SS_fixM_Fspr_EM","Arrowtooth flounder","EM: P(SSB > SSBlimit) but OM: P(SSB < SSBlimit)","0"
"260","SSM_Ricker_OM","SS_fixM_Fspr_EM","Arrowtooth flounder","OM: Terminal SSB Depletion","0.86"
"287","SSM_Ricker_OM","SS_estM_Fspr_EM","Arrowtooth flounder","Average Catch","118,625"
"288","SSM_Ricker_OM","SS_estM_Fspr_EM","Arrowtooth flounder","Catch IAV","    476"
"289","SSM_Ricker_OM","SS_estM_Fspr_EM","Arrowtooth flounder","P(Closed)","0"
"290","SSM_Ricker_OM","SS_estM_Fspr_EM","Arrowtooth flounder","Avg terminal SSB Relative MSE","0.01"
"291","SSM_Ricker_OM","SS_estM_Fspr_EM","Arrowtooth flounder","EM: P(Fy > Flimit)","0"
"292","SSM_Ricker_OM","SS_estM_Fspr_EM","Arrowtooth flounder","EM: P(SSB < SSBlimit)","0"
"293","SSM_Ricker_OM","SS_estM_Fspr_EM","Arrowtooth flounder","OM: P(Fy > Flimit)","0"
"294","SSM_Ricker_OM","SS_estM_Fspr_EM","Arrowtooth flounder","OM: P(SSB < SSBlimit)","0"
"295","SSM_Ricker_OM","SS_estM_Fspr_EM","Arrowtooth flounder","EM: P(Fy > Flimit) but OM: P(Fy < Flimit)","0"
"296","SSM_Ricker_OM","SS_estM_Fspr_EM","Arrowtooth flounder","EM: P(Fy < Flimit) but OM: P(Fy > Flimit)","0"
"297","SSM_Ricker_OM","SS_estM_Fspr_EM","Arrowtooth flounder","EM: P(SSB < SSBlimit) but OM: P(SSB > SSBlimit)","0"
"298","SSM_Ricker_OM","SS_estM_Fspr_EM","Arrowtooth flounder","EM: P(SSB > SSBlimit) but OM: P(SSB < SSBlimit)","0"
"299","SSM_Ricker_OM","SS_estM_Fspr_EM","Arrowtooth flounder","OM: Terminal SSB Depletion","0.77"
"326","MS_OM","SS_fixM_Fspr_EM","Arrowtooth flounder","Average Catch"," 72,764"
"327","MS_OM","SS_fixM_Fspr_EM","Arrowtooth flounder","Catch IAV","    139"
"328","MS_OM","SS_fixM_Fspr_EM","Arrowtooth flounder","P(Closed)","0"
"329","MS_OM","SS_fixM_Fspr_EM","Arrowtooth flounder","Avg terminal SSB Relative MSE","0.15"
"330","MS_OM","SS_fixM_Fspr_EM","Arrowtooth flounder","EM: P(Fy > Flimit)","0"
"331","MS_OM","SS_fixM_Fspr_EM","Arrowtooth flounder","EM: P(SSB < SSBlimit)","0"
"332","MS_OM","SS_fixM_Fspr_EM","Arrowtooth flounder","OM: P(Fy > Flimit)","0"
"333","MS_OM","SS_fixM_Fspr_EM","Arrowtooth flounder","OM: P(SSB < SSBlimit)","0"
"334","MS_OM","SS_fixM_Fspr_EM","Arrowtooth flounder","EM: P(Fy > Flimit) but OM: P(Fy < Flimit)","0"
"335","MS_OM","SS_fixM_Fspr_EM","Arrowtooth flounder","EM: P(Fy < Flimit) but OM: P(Fy > Flimit)","0"
"336","MS_OM","SS_fixM_Fspr_EM","Arrowtooth flounder","EM: P(SSB < SSBlimit) but OM: P(SSB > SSBlimit)","0"
"337","MS_OM","SS_fixM_Fspr_EM","Arrowtooth flounder","EM: P(SSB > SSBlimit) but OM: P(SSB < SSBlimit)","0"
"338","MS_OM","SS_fixM_Fspr_EM","Arrowtooth flounder","OM: Terminal SSB Depletion","0.63"
"365","MS_OM","SS_estM_Fspr_EM","Arrowtooth flounder","Average Catch"," 84,065"
"366","MS_OM","SS_estM_Fspr_EM","Arrowtooth flounder","Catch IAV","    470"
"367","MS_OM","SS_estM_Fspr_EM","Arrowtooth flounder","P(Closed)","0"
"368","MS_OM","SS_estM_Fspr_EM","Arrowtooth flounder","Avg terminal SSB Relative MSE","0.01"
"369","MS_OM","SS_estM_Fspr_EM","Arrowtooth flounder","EM: P(Fy > Flimit)","0"
"370","MS_OM","SS_estM_Fspr_EM","Arrowtooth flounder","EM: P(SSB < SSBlimit)","0"
"371","MS_OM","SS_estM_Fspr_EM","Arrowtooth flounder","OM: P(Fy > Flimit)","0"
"372","MS_OM","SS_estM_Fspr_EM","Arrowtooth flounder","OM: P(SSB < SSBlimit)","0"
"373","MS_OM","SS_estM_Fspr_EM","Arrowtooth flounder","EM: P(Fy > Flimit) but OM: P(Fy < Flimit)","0"
"374","MS_OM","SS_estM_Fspr_EM","Arrowtooth flounder","EM: P(Fy < Flimit) but OM: P(Fy > Flimit)","0"
"375","MS_OM","SS_estM_Fspr_EM","Arrowtooth flounder","EM: P(SSB < SSBlimit) but OM: P(SSB > SSBlimit)","0"
"376","MS_OM","SS_estM_Fspr_EM","Arrowtooth flounder","EM: P(SSB > SSBlimit) but OM: P(SSB < SSBlimit)","0"
"377","MS_OM","SS_estM_Fspr_EM","Arrowtooth flounder","OM: Terminal SSB Depletion","0.58"
"404","MS_Ricker_OM","SS_fixM_Fspr_EM","Arrowtooth flounder","Average Catch"," 99,331"
"405","MS_Ricker_OM","SS_fixM_Fspr_EM","Arrowtooth flounder","Catch IAV","    151"
"406","MS_Ricker_OM","SS_fixM_Fspr_EM","Arrowtooth flounder","P(Closed)","0"
"407","MS_Ricker_OM","SS_fixM_Fspr_EM","Arrowtooth flounder","Avg terminal SSB Relative MSE","0.14"
"408","MS_Ricker_OM","SS_fixM_Fspr_EM","Arrowtooth flounder","EM: P(Fy > Flimit)","0"
"409","MS_Ricker_OM","SS_fixM_Fspr_EM","Arrowtooth flounder","EM: P(SSB < SSBlimit)","0"
"410","MS_Ricker_OM","SS_fixM_Fspr_EM","Arrowtooth flounder","OM: P(Fy > Flimit)","0"
"411","MS_Ricker_OM","SS_fixM_Fspr_EM","Arrowtooth flounder","OM: P(SSB < SSBlimit)","0"
"412","MS_Ricker_OM","SS_fixM_Fspr_EM","Arrowtooth flounder","EM: P(Fy > Flimit) but OM: P(Fy < Flimit)","0"
"413","MS_Ricker_OM","SS_fixM_Fspr_EM","Arrowtooth flounder","EM: P(Fy < Flimit) but OM: P(Fy > Flimit)","0"
"414","MS_Ricker_OM","SS_fixM_Fspr_EM","Arrowtooth flounder","EM: P(SSB < SSBlimit) but OM: P(SSB > SSBlimit)","0"
"415","MS_Ricker_OM","SS_fixM_Fspr_EM","Arrowtooth flounder","EM: P(SSB > SSBlimit) but OM: P(SSB < SSBlimit)","0"
"416","MS_Ricker_OM","SS_fixM_Fspr_EM","Arrowtooth flounder","OM: Terminal SSB Depletion","0.88"
"443","MS_Ricker_OM","SS_estM_Fspr_EM","Arrowtooth flounder","Average Catch","115,630"
"444","MS_Ricker_OM","SS_estM_Fspr_EM","Arrowtooth flounder","Catch IAV","    428"
"445","MS_Ricker_OM","SS_estM_Fspr_EM","Arrowtooth flounder","P(Closed)","0"
"446","MS_Ricker_OM","SS_estM_Fspr_EM","Arrowtooth flounder","Avg terminal SSB Relative MSE","0.01"
"447","MS_Ricker_OM","SS_estM_Fspr_EM","Arrowtooth flounder","EM: P(Fy > Flimit)","0"
"448","MS_Ricker_OM","SS_estM_Fspr_EM","Arrowtooth flounder","EM: P(SSB < SSBlimit)","0"
"449","MS_Ricker_OM","SS_estM_Fspr_EM","Arrowtooth flounder","OM: P(Fy > Flimit)","0"
"450","MS_Ricker_OM","SS_estM_Fspr_EM","Arrowtooth flounder","OM: P(SSB < SSBlimit)","0"
"451","MS_Ricker_OM","SS_estM_Fspr_EM","Arrowtooth flounder","EM: P(Fy > Flimit) but OM: P(Fy < Flimit)","0"
"452","MS_Ricker_OM","SS_estM_Fspr_EM","Arrowtooth flounder","EM: P(Fy < Flimit) but OM: P(Fy > Flimit)","0"
"453","MS_Ricker_OM","SS_estM_Fspr_EM","Arrowtooth flounder","EM: P(SSB < SSBlimit) but OM: P(SSB > SSBlimit)","0"
"454","MS_Ricker_OM","SS_estM_Fspr_EM","Arrowtooth flounder","EM: P(SSB > SSBlimit) but OM: P(SSB < SSBlimit)","0"
"455","MS_Ricker_OM","SS_estM_Fspr_EM","Arrowtooth flounder","OM: Terminal SSB Depletion","0.8"
